1.jpg
49
0 0 71 53
71 0 71 53
141 0 71 53
212 0 71 53
283 0 71 53
354 0 71 53
425 0 71 53
0 53 71 53
71 53 71 53
141 53 71 53
212 53 71 53
283 53 71 53
354 53 71 53
425 53 71 53
0 106 71 53
71 106 71 53
141 106 71 53
212 106 71 53
283 106 71 53
354 106 71 53
425 106 471 53
0 159 71 53
71 159 71 53
141 159 71 53
212 159 71 53
283 159 71 53
354 159 71 53
425 159 71 53
0 212 71 53
71 212 71 53
141 212 71 53
212 212 71 53
283 212 71 53
354 212 71 53
425 212 71 53
0 265 71 53
71 265 71 53
141 265 71 53
212 265 71 53
283 265 71 53
354 265 71 53
425 265 71 53
0 318 71 53
71 318 71 53
141 318 71 53
212 318 71 53
283 318 71 53
354 318 71 53
425 318 71 53
1
MOVE 49 0 1 2 3 4 5 6 7 8 9 10 11 12 13 14 15 16 17 18 19 20 21 22 23 24 25 26 27 28 29 30 31 32 33 34 35 36 37 38 39 40 41 42 43 44 45 46 47 48 49 1
0 1.0 -0.02
		